OLC682  0.00000  0.00681  0.01129  0.02726  0.02921  0.02215  0.01450  0.01746  0.01842  0.02162  0.03755  0.03582
OLC969  0.00681  0.00000  0.01088  0.02685  0.02880  0.02174  0.01409  0.01705  0.01801  0.02121  0.03714  0.03541
PB2       0.01129  0.01088  0.00000  0.02483  0.02678  0.01973  0.01207  0.01503  0.01600  0.01920  0.03513  0.03339
PB15      0.02726  0.02685  0.02483  0.00000  0.02180  0.02533  0.02335  0.02631  0.02728  0.03048  0.04641  0.04468
PB4       0.02921  0.02880  0.02678  0.02180  0.00000  0.02728  0.02530  0.02826  0.02923  0.03243  0.04836  0.04662
OLC809  0.02215  0.02174  0.01973  0.02533  0.02728  0.00000  0.01825  0.02121  0.02218  0.02537  0.04131  0.03957
MG1655    0.01450  0.01409  0.01207  0.02335  0.02530  0.01825  0.00000  0.00392  0.00489  0.00809  0.02402  0.02228
PB5       0.01746  0.01705  0.01503  0.02631  0.02826  0.02121  0.00392  0.00000  0.00688  0.01008  0.02601  0.02427
PB6       0.01842  0.01801  0.01600  0.02728  0.02923  0.02218  0.00489  0.00688  0.00000  0.00826  0.02420  0.02246
PB13      0.02162  0.02121  0.01920  0.03048  0.03243  0.02537  0.00809  0.01008  0.00826  0.00000  0.01637  0.01464
PB10      0.03755  0.03714  0.03513  0.04641  0.04836  0.04131  0.02402  0.02601  0.02420  0.01637  0.00000  0.00423
PB1       0.03582  0.03541  0.03339  0.04468  0.04662  0.03957  0.02228  0.02427  0.02246  0.01464  0.00423  0.00000
